LOG FORMAT | segmentation_LOSS mIoU Acc | depth_LOSS AbsErr RelErr | TIME                                                                            [74/1929]

bd^[bd^[Epoch: 0000 | TRAIN: 0.5256 0.4476 0.8465 | 0.1386 0.1386 3.0948 | Time: 85.2269 | VAL: 0.3428 0.5310 0.8977 | 0.0529 0.0529 1.8289 | Time: 3.3223 | TEST: 0.5566 0.4801 0.8283 | 0.0950 0.0952 223.3861 | Time: 4.7168

Epoch: 0001 | TRAIN: 0.2977 0.5442 0.9063 | 0.0388 0.0388 0.7510 | Time: 83.2569 | VAL: 0.2931 0.5525 0.9101 | 0.0439 0.0439 1.7324 | Time: 3.3217 | TEST: 0.6557 0.4677 0.7970 | 0.1305 0.1308 292.9018 | Time: 4.7263

Epoch: 0002 | TRAIN: 0.2555 0.5688 0.9166 | 0.0312 0.0312 0.5423 | Time: 85.8443 | VAL: 0.2549 0.5794 0.9181 | 0.0254 0.0254 0.3722 | Time: 3.4549 | TEST: 0.7437 0.4486 0.7440 | 0.1338 0.1340 287.0019 | Time: 4.6987

Epoch: 0003 | TRAIN: 0.2303 0.5886 0.9228 | 0.0278 0.0278 0.4427 | Time: 81.3407 | VAL: 0.2431 0.5860 0.9188 | 0.0242 0.0242 0.4265 | Time: 3.2263 | TEST: 0.5510 0.5047 0.8170 | 0.1363 0.1366 302.2727 | Time: 4.6434

Epoch: 0004 | TRAIN: 0.2154 0.5995 0.9264 | 0.0255 0.0255 0.3909 | Time: 79.0521 | VAL: 0.2384 0.5938 0.9206 | 0.0343 0.0343 1.2322 | Time: 3.3183 | TEST: 0.5384 0.5120 0.8215 | 0.1425 0.1428 299.8139 | Time: 4.6683

Epoch: 0005 | TRAIN: 0.2069 0.6146 0.9283 | 0.0246 0.0246 0.4051 | Time: 85.8458 | VAL: 0.2247 0.6149 0.9233 | 0.0230 0.0230 0.4790 | Time: 3.2855 | TEST: 0.5975 0.5223 0.7985 | 0.1405 0.1407 309.9093 | Time: 4.6619

Epoch: 0006 | TRAIN: 0.1964 0.6344 0.9315 | 0.0233 0.0233 0.3515 | Time: 81.2581 | VAL: 0.2142 0.6236 0.9266 | 0.0226 0.0226 0.4571 | Time: 3.2695 | TEST: 0.6473 0.5088 0.7790 | 0.1547 0.1551 314.6758 | Time: 4.6574

Epoch: 0007 | TRAIN: 0.1869 0.6478 0.9342 | 0.0217 0.0217 0.3431 | Time: 82.0412 | VAL: 0.2086 0.6233 0.9277 | 0.0196 0.0196 0.2589 | Time: 3.2897 | TEST: 0.6523 0.5125 0.7823 | 0.1485 0.1488 310.8402 | Time: 4.6889

Epoch: 0008 | TRAIN: 0.1801 0.6561 0.9361 | 0.0213 0.0213 0.3098 | Time: 85.9280 | VAL: 0.2080 0.6326 0.9283 | 0.0214 0.0214 0.4544 | Time: 3.2642 | TEST: 0.6137 0.5198 0.7977 | 0.1579 0.1583 315.4491 | Time: 4.2131

Epoch: 0009 | TRAIN: 0.1744 0.6630 0.9378 | 0.0210 0.0210 0.3088 | Time: 85.8094 | VAL: 0.2029 0.6298 0.9296 | 0.0208 0.0208 0.4276 | Time: 3.3109 | TEST: 0.6120 0.5178 0.7991 | 0.1452 0.1455 302.7255 | Time: 4.6856

Epoch: 0010 | TRAIN: 0.1708 0.6677 0.9386 | 0.0197 0.0197 0.2925 | Time: 79.2795 | VAL: 0.2047 0.6296 0.9290 | 0.0211 0.0211 0.4613 | Time: 3.2546 | TEST: 0.7161 0.5017 0.7620 | 0.1288 0.1292 306.1696 | Time: 4.6798

Epoch: 0011 | TRAIN: 0.1663 0.6735 0.9400 | 0.0189 0.0189 0.2798 | Time: 84.9843 | VAL: 0.1982 0.6445 0.9309 | 0.0194 0.0194 0.2676 | Time: 2.6623 | TEST: 0.5607 0.5349 0.8183 | 0.1308 0.1312 297.2471 | Time: 2.0079

Epoch: 0012 | TRAIN: 0.1612 0.6790 0.9416 | 0.0191 0.0191 0.2729 | Time: 86.0740 | VAL: 0.1997 0.6422 0.9314 | 0.0188 0.0188 0.2776 | Time: 3.2351 | TEST: 0.6432 0.5201 0.7976 | 0.1578 0.1582 326.0297 | Time: 4.7222

bd^[Epoch: 0013 | TRAIN: 0.1584 0.6836 0.9424 | 0.0186 0.0186 0.2628 | Time: 78.0718 | VAL: 0.1989 0.6462 0.9309 | 0.0211 0.0211 0.3160 | Time: 3.2773 | TEST: 0.6244 0.5317 0.7983 | 0.1535 0.1538 328.3628 | Time: 4.7014

Epoch: 0014 | TRAIN: 0.1546 0.6870 0.9436 | 0.0183 0.0183 0.2563 | Time: 83.6613 | VAL: 0.1976 0.6441 0.9313 | 0.0186 0.0186 0.2377 | Time: 2.7175 | TEST: 0.6

782 0.5176 0.7841 | 0.1376 0.1379 307.3460 | Time: 4.1140

Epoch: 0015 | TRAIN: 0.1527 0.6894 0.9441 | 0.0176 0.0176 0.2387 | Time: 86.5235 | VAL: 0.1974 0.6483 0.9307 | 0.0196 0.0196 0.3688 | Time: 3.2356 | TEST: 0.5

243 0.5488 0.8332 | 0.1536 0.1540 328.8537 | Time: 4.6754

Epoch: 0016 | TRAIN: 0.1492 0.6939 0.9451 | 0.0175 0.0175 0.2460 | Time: 82.2112 | VAL: 0.2159 0.6393 0.9275 | 0.0424 0.0424 1.4616 | Time: 3.2746 | TEST: 0.6

195 0.5233 0.8006 | 0.1333 0.1337 305.6576 | Time: 4.7122

Epoch: 0017 | TRAIN: 0.1476 0.6969 0.9456 | 0.0175 0.0175 0.2465 | Time: 82.2190 | VAL: 0.1970 0.6428 0.9317 | 0.0183 0.0183 0.2848 | Time: 3.3470 | TEST: 0.6

458 0.5176 0.7998 | 0.1467 0.1471 326.0767 | Time: 4.7033

Epoch: 0018 | TRAIN: 0.1435 0.7001 0.9469 | 0.0171 0.0171 0.2378 | Time: 85.9445 | VAL: 0.1975 0.6447 0.9325 | 0.0180 0.0180 0.2571 | Time: 3.2964 | TEST: 0.6

787 0.5140 0.7955 | 0.1317 0.1320 297.7835 | Time: 4.6825

Epoch: 0019 | TRAIN: 0.1413 0.7037 0.9475 | 0.0164 0.0164 0.2356 | Time: 81.8357 | VAL: 0.2022 0.6448 0.9304 | 0.0184 0.0184 0.2729 | Time: 3.2473 | TEST: 0.7

325 0.5012 0.7803 | 0.1435 0.1439 308.2487 | Time: 4.6588                                                                                                     Epoch: 0020 | TRAIN: 0.1390 0.7065 0.9483 | 0.0165 0.0165 0.2289 | Time: 163.8491 | VAL: 0.1972 0.6376 0.9322 | 0.0183 0.0183 0.2189 | Time: 11.5718 | TEST: 0

.5765 0.5355 0.8230 | 0.1179 0.1182 284.0204 | Time: 6.8138                                                                                                   Epoch: 0021 | TRAIN: 0.1372 0.7090 0.9488 | 0.0171 0.0171 0.2324 | Time: 91.4968 | VAL: 0.1972 0.6440 0.9332 | 0.0191 0.0191 0.2989 | Time: 4.0647 | TEST: 0.5

118 0.5572 0.8463 | 0.1510 0.1514 328.0566 | Time: 2.4390                                                                                                     Epoch: 0022 | TRAIN: 0.1372 0.7094 0.9488 | 0.0168 0.0168 0.2333 | Time: 166.8958 | VAL: 0.1947 0.6494 0.9336 | 0.0183 0.0183 0.3038 | Time: 7.7006 | TEST: 0.

4738 0.5637 0.8567 | 0.1244 0.1248 291.0239 | Time: 5.6464                                                                                                    Epoch: 0023 | TRAIN: 0.1410 0.7060 0.9476 | 0.0167 0.0167 0.2252 | Time: 84.4618 | VAL: 0.1999 0.6504 0.9316 | 0.0192 0.0192 0.3129 | Time: 4.9825 | TEST: 0.5

354 0.5493 0.8389 | 0.1289 0.1293 293.1531 | Time: 4.8622                                                                                                     Epoch: 0024 | TRAIN: 0.1352 0.7124 0.9494 | 0.0165 0.0165 0.2257 | Time: 81.5522 | VAL: 0.1994 0.6466 0.9320 | 0.0185 0.0185 0.2584 | Time: 3.2981 | TEST: 0.6

119 0.5240 0.8125 | 0.1370 0.1373 296.3396 | Time: 4.7282                                                                                                     Epoch: 0025 | TRAIN: 0.1327 0.7146 0.9501 | 0.0161 0.0161 0.2130 | Time: 85.7449 | VAL: 0.1961 0.6516 0.9340 | 0.0187 0.0187 0.2872 | Time: 3.3263 | TEST: 0.5

240 0.5503 0.8406 | 0.1354 0.1358 303.5606 | Time: 4.6933                                                                                                     Epoch: 0026 | TRAIN: 0.1300 0.7176 0.9510 | 0.0161 0.0161 0.2113 | Time: 82.4797 | VAL: 0.1968 0.6531 0.9333 | 0.0181 0.0181 0.2927 | Time: 3.3401 | TEST: 0.5

637 0.5396 0.8313 | 0.1275 0.1278 294.9423 | Time: 4.7045                                                                                                     

                                                                                                                                                              

^[^[^[^[^[DDDDDD^[^[^[^[^[Epoch: 0027 | TRAIN: 0.1281 0.7199 0.9516 | 0.0149 0.0149 0.2014 | Time: 81.8761 | VAL: 0.1945 0.6499 0.9336 | 0.0184 0.0184 0.2711 | Time: 3.2447 | TEST: 0.5905 0.5392 0.8178 | 0.1386 0.1389 304.1247 | Time: 4.6787

Epoch: 0028 | TRAIN: 0.1268 0.7221 0.9520 | 0.0157 0.0157 0.2055 | Time: 85.2026 | VAL: 0.1990 0.6488 0.9342 | 0.0173 0.0173 0.2076 | Time: 3.0078 | TEST: 0.6946 0.5197 0.7903 | 0.1348 0.1351 293.0732 | Time: 1.9372

Epoch: 0029 | TRAIN: 0.1249 0.7233 0.9526 | 0.0158 0.0158 0.2074 | Time: 85.3798 | VAL: 0.1938 0.6589 0.9349 | 0.0173 0.0173 0.2454 | Time: 3.4038 | TEST: 0.6615 0.5261 0.8025 | 0.1324 0.1328 295.9228 | Time: 4.6772

Epoch: 0030 | TRAIN: 0.1236 0.7258 0.9530 | 0.0147 0.0147 0.1901 | Time: 81.4928 | VAL: 0.1957 0.6562 0.9347 | 0.0178 0.0178 0.2750 | Time: 3.4220 | TEST: 0.6051 0.5396 0.8225 | 0.1362 0.1366 307.5370 | Time: 4.6793

Epoch: 0031 | TRAIN: 0.1218 0.7275 0.9535 | 0.0144 0.0144 0.1882 | Time: 81.9537 | VAL: 0.1967 0.6560 0.9343 | 0.0172 0.0172 0.2462 | Time: 3.4120 | TEST: 0.6

741 0.5170 0.8048 | 0.1431 0.1435 310.1880 | Time: 4.6777

Epoch: 0032 | TRAIN: 0.1209 0.7289 0.9538 | 0.0146 0.0146 0.1951 | Time: 85.8674 | VAL: 0.2010 0.6494 0.9341 | 0.0188 0.0188 0.3383 | Time: 3.3196 | TEST: 0.5

699 0.5422 0.8340 | 0.1358 0.1362 307.9821 | Time: 4.6638

Epoch: 0033 | TRAIN: 0.1203 0.7300 0.9539 | 0.0143 0.0143 0.1844 | Time: 81.5253 | VAL: 0.1984 0.6519 0.9343 | 0.0180 0.0180 0.3058 | Time: 3.3825 | TEST: 0.5

911 0.5361 0.8345 | 0.1445 0.1449 312.5456 | Time: 4.7365

Epoch: 0034 | TRAIN: 0.1187 0.7320 0.9544 | 0.0142 0.0142 0.1844 | Time: 80.7147 | VAL: 0.1995 0.6538 0.9346 | 0.0182 0.0182 0.2709 | Time: 3.3730 | TEST: 0.5

665 0.5477 0.8375 | 0.1291 0.1294 299.8316 | Time: 4.6683

Epoch: 0035 | TRAIN: 0.1178 0.7327 0.9546 | 0.0146 0.0146 0.1948 | Time: 85.7495 | VAL: 0.2045 0.6492 0.9339 | 0.0165 0.0165 0.1873 | Time: 3.3437 | TEST: 0.6

396 0.5262 0.8177 | 0.1343 0.1347 301.8315 | Time: 3.8302

Epoch: 0036 | TRAIN: 0.1194 0.7302 0.9540 | 0.0149 0.0149 0.1868 | Time: 83.4489 | VAL: 0.2041 0.6592 0.9337 | 0.0218 0.0218 0.5501 | Time: 3.2724 | TEST: 0.5

789 0.5441 0.8321 | 0.1325 0.1329 306.4080 | Time: 4.6748                                                                                                     Epoch: 0037 | TRAIN: 0.1174 0.7335 0.9547 | 0.0142 0.0142 0.1817 | Time: 78.5134 | VAL: 0.2078 0.6483 0.9322 | 0.0174 0.0174 0.2685 | Time: 3.2908 | TEST: 0.6

287 0.5330 0.8227 | 0.1198 0.1201 291.3198 | Time: 4.7144                                                                                                     Epoch: 0038 | TRAIN: 0.1174 0.7332 0.9547 | 0.0143 0.0143 0.1838 | Time: 85.1271 | VAL: 0.1983 0.6570 0.9349 | 0.0181 0.0181 0.2907 | Time: 2.6768 | TEST: 0.6

120 0.5385 0.8254 | 0.1280 0.1283 290.9039 | Time: 1.9733                                                                                                     Epoch: 0039 | TRAIN: 0.1151 0.7364 0.9555 | 0.0140 0.0140 0.1826 | Time: 85.7971 | VAL: 0.2011 0.6595 0.9352 | 0.0180 0.0180 0.2966 | Time: 3.3353 | TEST: 0.5

951 0.5392 0.8284 | 0.1237 0.1241 292.5657 | Time: 4.6928                                                                                                     Epoch: 0040 | TRAIN: 0.1137 0.7379 0.9559 | 0.0139 0.0139 0.1789 | Time: 81.4271 | VAL: 0.2006 0.6611 0.9347 | 0.0173 0.0173 0.2675 | Time: 3.4374 | TEST: 0.6

278 0.5407 0.8244 | 0.1344 0.1347 303.0667 | Time: 4.7115                                                                                                     Epoch: 0041 | TRAIN: 0.1140 0.7385 0.9558 | 0.0143 0.0143 0.1858 | Time: 79.3324 | VAL: 0.2055 0.6550 0.9345 | 0.0180 0.0180 0.3063 | Time: 3.3327 | TEST: 0.5

938 0.5470 0.8346 | 0.1306 0.1309 301.3199 | Time: 4.6523                                                                                                     Epoch: 0042 | TRAIN: 0.1123 0.7402 0.9564 | 0.0137 0.0137 0.1782 | Time: 85.7542 | VAL: 0.2053 0.6574 0.9344 | 0.0183 0.0183 0.2680 | Time: 3.3893 | TEST: 0.6

775 0.5263 0.8121 | 0.1351 0.1354 303.7890 | Time: 4.7362                                                                                                     Epoch: 0043 | TRAIN: 0.1116 0.7414 0.9565 | 0.0135 0.0135 0.1692 | Time: 81.0585 | VAL: 0.2040 0.6556 0.9349 | 0.0162 0.0162 0.2037 | Time: 3.3684 | TEST: 0.6

344 0.5353 0.8227 | 0.1197 0.1201 278.2113 | Time: 4.6161                                                                                                     Epoch: 0044 | TRAIN: 0.1105 0.7428 0.9569 | 0.0132 0.0132 0.1707 | Time: 77.6008 | VAL: 0.2059 0.6554 0.9357 | 0.0172 0.0172 0.2631 | Time: 3.4561 | TEST: 0.6

204 0.5406 0.8312 | 0.1553 0.1557 320.0820 | Time: 4.6779                                                                                                     Epoch: 0045 | TRAIN: 0.1106 0.7425 0.9568 | 0.0140 0.0140 0.1877 | Time: 86.4780 | VAL: 0.2015 0.6575 0.9348 | 0.0175 0.0175 0.2940 | Time: 3.7583 | TEST: 0.6

204 0.5388 0.8259 | 0.1370 0.1373 303.2853 | Time: 4.7080                                                                                                     Epoch: 0046 | TRAIN: 0.1097 0.7444 0.9570 | 0.0136 0.0136 0.1768 | Time: 82.6739 | VAL: 0.2017 0.6566 0.9347 | 0.0163 0.0163 0.2124 | Time: 3.3075 | TEST: 0.6

376 0.5338 0.8217 | 0.1432 0.1436 302.6069 | Time: 4.6720                                                                                                     Epoch: 0047 | TRAIN: 0.1093 0.7445 0.9572 | 0.0135 0.0135 0.1715 | Time: 82.2226 | VAL: 0.2511 0.6470 0.9285 | 0.0182 0.0182 0.3339 | Time: 3.4647 | TEST: 0.5

982 0.5458 0.8393 | 0.1378 0.1382 300.9505 | Time: 4.6605                                                                                                     Epoch: 0048 | TRAIN: 0.1148 0.7377 0.9553 | 0.0142 0.0142 0.1790 | Time: 85.4741 | VAL: 0.2032 0.6564 0.9352 | 0.0173 0.0173 0.2418 | Time: 5.6712 | TEST: 0.6

636 0.5256 0.8202 | 0.1399 0.1403 307.8071 | Time: 4.6537                                                                                                     Epoch: 0049 | TRAIN: 0.1101 0.7431 0.9568 | 0.0148 0.0148 0.1839 | Time: 85.7501 | VAL: 0.2006 0.6559 0.9349 | 0.0167 0.0167 0.2347 | Time: 3.6441 | TEST: 0.6

108 0.5434 0.8371 | 0.1554 0.1558 320.4662 | Time: 4.7268
