LOG FORMAT | segmentation_LOSS mIoU Acc | depth_LOSS AbsErr RelErr | TIME
Epoch: 0000 | TRAIN: 0.5256 0.4475 0.8465 | 0.1386 0.1385 3.1095 | Time: 73.8231 | VAL: 0.3415 0.5315 0.8984 | 0.0453 0.0453 1.4043 | Time: 3.1874 | TEST: 0.5463 0.4841 0.8321 | 0.0876 0.0877 212.9495 | Time: 4.2602
Epoch: 0001 | TRAIN: 0.2976 0.5443 0.9064 | 0.0386 0.0386 0.7615 | Time: 142.4338 | VAL: 0.2909 0.5524 0.9102 | 0.0521 0.0521 2.5657 | Time: 3.4862 | TEST: 0.6242 0.4732 0.8061 | 0.1232 0.1235 269.7121 | Time: 4.2286
Epoch: 0002 | TRAIN: 0.2559 0.5685 0.9165 | 0.0319 0.0319 0.5704 | Time: 139.6398 | VAL: 0.2575 0.5770 0.9166 | 0.0230 0.0230 0.3022 | Time: 3.3111 | TEST: 0.8059 0.4325 0.7169 | 0.1296 0.1298 286.2040 | Time: 4.2201
Epoch: 0003 | TRAIN: 0.2309 0.5883 0.9226 | 0.0283 0.0283 0.4593 | Time: 140.3680 | VAL: 0.2436 0.5843 0.9188 | 0.0227 0.0227 0.2670 | Time: 3.1646 | TEST: 0.5380 0.5069 0.8196 | 0.1421 0.1424 299.2253 | Time: 4.2687
Epoch: 0004 | TRAIN: 0.2157 0.5989 0.9263 | 0.0249 0.0249 0.3969 | Time: 141.3367 | VAL: 0.2292 0.5999 0.9230 | 0.0215 0.0215 0.3486 | Time: 3.2420 | TEST: 0.5442 0.5110 0.8186 | 0.1496 0.1500 294.5348 | Time: 4.2386
Epoch: 0005 | TRAIN: 0.2044 0.6155 0.9292 | 0.0240 0.0240 0.3758 | Time: 140.6163 | VAL: 0.2212 0.6185 0.9243 | 0.0202 0.0202 0.3107 | Time: 3.2811 | TEST: 0.5703 0.5296 0.8075 | 0.1398 0.1401 296.9221 | Time: 4.2918
Epoch: 0006 | TRAIN: 0.1954 0.6359 0.9317 | 0.0231 0.0231 0.3508 | Time: 142.8407 | VAL: 0.2148 0.6210 0.9259 | 0.0236 0.0236 0.5343 | Time: 3.1775 | TEST: 0.6024 0.5171 0.7935 | 0.1562 0.1566 329.8703 | Time: 4.2433
Epoch: 0007 | TRAIN: 0.1862 0.6486 0.9344 | 0.0218 0.0218 0.3319 | Time: 141.2576 | VAL: 0.2080 0.6245 0.9278 | 0.0198 0.0198 0.3111 | Time: 3.1881 | TEST: 1.2007 0.4294 0.6242 | 0.1570 0.1572 321.5683 | Time: 4.1830
Epoch: 0008 | TRAIN: 0.1821 0.6544 0.9355 | 0.0217 0.0217 0.3155 | Time: 140.4846 | VAL: 0.2092 0.6328 0.9274 | 0.0209 0.0209 0.4411 | Time: 3.8933 | TEST: 0.5531 0.5303 0.8220 | 0.1335 0.1338 290.1678 | Time: 4.0193
Epoch: 0009 | TRAIN: 0.1748 0.6624 0.9376 | 0.0208 0.0208 0.3162 | Time: 141.7932 | VAL: 0.2040 0.6302 0.9293 | 0.0197 0.0197 0.3099 | Time: 3.4106 | TEST: 0.4885 0.5514 0.8419 | 0.1094 0.1096 278.0537 | Time: 4.2274
Epoch: 0010 | TRAIN: 0.1708 0.6679 0.9386 | 0.0199 0.0199 0.2837 | Time: 140.0813 | VAL: 0.2050 0.6325 0.9292 | 0.0220 0.0220 0.4060 | Time: 3.7857 | TEST: 0.5455 0.5383 0.8182 | 0.1370 0.1373 323.8023 | Time: 4.2514
Epoch: 0011 | TRAIN: 0.1659 0.6753 0.9402 | 0.0195 0.0195 0.2877 | Time: 140.5101 | VAL: 0.1997 0.6415 0.9309 | 0.0187 0.0187 0.2813 | Time: 3.2564 | TEST: 0.5029 0.5477 0.8395 | 0.1192 0.1195 288.7335 | Time: 4.0647
Epoch: 0012 | TRAIN: 0.1607 0.6803 0.9418 | 0.0187 0.0187 0.2727 | Time: 141.9787 | VAL: 0.2051 0.6400 0.9302 | 0.0242 0.0242 0.7928 | Time: 3.3619 | TEST: 0.5231 0.5464 0.8373 | 0.1260 0.1262 306.6035 | Time: 4.2996
Epoch: 0013 | TRAIN: 0.1586 0.6835 0.9423 | 0.0185 0.0185 0.2598 | Time: 146.9385 | VAL: 0.1990 0.6468 0.9309 | 0.0232 0.0232 0.3700 | Time: 3.1097 | TEST: 0.5338 0.5476 0.8253 | 0.1417 0.1420 322.8464 | Time: 4.2556
Epoch: 0014 | TRAIN: 0.1547 0.6876 0.9435 | 0.0179 0.0179 0.2560 | Time: 141.0591 | VAL: 0.1985 0.6398 0.9308 | 0.0198 0.0198 0.2649 | Time: 3.5476 | TEST: 0.5568 0.5411 0.8180 | 0.1279 0.1281 301.2200 | Time: 4.1887
Epoch: 0015 | TRAIN: 0.1526 0.6894 0.9441 | 0.0187 0.0187 0.2550 | Time: 140.4297 | VAL: 0.1967 0.6456 0.9309 | 0.0210 0.0210 0.4732 | Time: 4.0485 | TEST: 0.5511 0.5353 0.8219 | 0.1174 0.1176 295.8154 | Time: 4.0942
Epoch: 0016 | TRAIN: 0.1488 0.6943 0.9453 | 0.0172 0.0172 0.2510 | Time: 147.2999 | VAL: 0.1937 0.6430 0.9326 | 0.0210 0.0210 0.4980 | Time: 3.3012 | TEST: 0.5456 0.5367 0.8245 | 0.1241 0.1243 301.0354 | Time: 4.2229
Epoch: 0017 | TRAIN: 0.1464 0.6983 0.9460 | 0.0177 0.0177 0.2453 | Time: 140.4059 | VAL: 0.1958 0.6432 0.9322 | 0.0189 0.0189 0.3489 | Time: 3.3908 | TEST: 0.5863 0.5276 0.8171 | 0.1272 0.1274 299.4952 | Time: 4.1438
Epoch: 0018 | TRAIN: 0.1426 0.7018 0.9473 | 0.0179 0.0179 0.2486 | Time: 140.7106 | VAL: 0.1953 0.6466 0.9329 | 0.0203 0.0203 0.3641 | Time: 3.1814 | TEST: 0.5414 0.5447 0.8318 | 0.1209 0.1210 293.0682 | Time: 4.2063
Epoch: 0019 | TRAIN: 0.1420 0.7035 0.9473 | 0.0174 0.0174 0.2388 | Time: 141.9558 | VAL: 0.2034 0.6458 0.9299 | 0.0207 0.0207 0.5642 | Time: 3.6919 | TEST: 0.6752 0.5106 0.7963 | 0.1240 0.1243 291.1939 | Time: 4.2581
Epoch: 0020 | TRAIN: 0.1391 0.7060 0.9483 | 0.0164 0.0164 0.2315 | Time: 141.1929 | VAL: 0.1955 0.6405 0.9330 | 0.0196 0.0196 0.3479 | Time: 3.1506 | TEST: 0.5345 0.5458 0.8335 | 0.1168 0.1170 282.8491 | Time: 4.2495
Epoch: 0021 | TRAIN: 0.1369 0.7090 0.9489 | 0.0165 0.0165 0.2292 | Time: 141.1481 | VAL: 0.1964 0.6448 0.9332 | 0.0192 0.0192 0.3869 | Time: 3.5506 | TEST: 0.5395 0.5500 0.8342 | 0.1421 0.1424 320.5777 | Time: 4.0864
Epoch: 0022 | TRAIN: 0.1349 0.7123 0.9496 | 0.0165 0.0165 0.2305 | Time: 142.7011 | VAL: 0.1931 0.6457 0.9340 | 0.0191 0.0191 0.5428 | Time: 5.3853 | TEST: 0.5160 0.5443 0.8438 | 0.1325 0.1328 304.6922 | Time: 4.1027
Epoch: 0023 | TRAIN: 0.1322 0.7146 0.9503 | 0.0163 0.0163 0.2323 | Time: 144.9294 | VAL: 0.1974 0.6541 0.9331 | 0.0193 0.0193 0.4603 | Time: 3.5370 | TEST: 0.5934 0.5355 0.8154 | 0.1277 0.1280 296.4582 | Time: 4.1151
Epoch: 0024 | TRAIN: 0.1307 0.7164 0.9509 | 0.0163 0.0163 0.2296 | Time: 140.8592 | VAL: 0.1993 0.6474 0.9321 | 0.0197 0.0197 0.5214 | Time: 3.2464 | TEST: 0.5743 0.5390 0.8244 | 0.1152 0.1155 283.6287 | Time: 4.2056
Epoch: 0025 | TRAIN: 0.1290 0.7187 0.9513 | 0.0163 0.0163 0.2225 | Time: 139.8285 | VAL: 0.1962 0.6467 0.9335 | 0.0191 0.0191 0.4240 | Time: 3.1563 | TEST: 0.5471 0.5403 0.8320 | 0.1333 0.1337 293.7386 | Time: 4.2712
Epoch: 0026 | TRAIN: 0.1281 0.7197 0.9516 | 0.0153 0.0153 0.2066 | Time: 142.4126 | VAL: 0.1970 0.6510 0.9331 | 0.0180 0.0180 0.4003 | Time: 3.2671 | TEST: 0.5991 0.5290 0.8161 | 0.1216 0.1218 291.8572 | Time: 4.0713
Epoch: 0027 | TRAIN: 0.1272 0.7212 0.9518 | 0.0147 0.0147 0.2017 | Time: 142.9510 | VAL: 0.1994 0.6436 0.9331 | 0.0179 0.0179 0.3741 | Time: 3.1812 | TEST: 0.5629 0.5373 0.8250 | 0.1379 0.1381 306.0722 | Time: 4.2196
Epoch: 0028 | TRAIN: 0.1255 0.7233 0.9524 | 0.0157 0.0157 0.2117 | Time: 140.8054 | VAL: 0.1971 0.6483 0.9341 | 0.0177 0.0177 0.3549 | Time: 3.0921 | TEST: 0.5957 0.5328 0.8209 | 0.1249 0.1253 287.3725 | Time: 4.2761
Epoch: 0029 | TRAIN: 0.1237 0.7251 0.9529 | 0.0157 0.0157 0.2150 | Time: 145.4241 | VAL: 0.1964 0.6576 0.9342 | 0.0174 0.0174 0.2555 | Time: 3.2079 | TEST: 0.5688 0.5451 0.8290 | 0.1314 0.1317 303.4160 | Time: 4.2278
Epoch: 0030 | TRAIN: 0.1227 0.7265 0.9532 | 0.0148 0.0148 0.2010 | Time: 141.1446 | VAL: 0.1967 0.6546 0.9344 | 0.0172 0.0172 0.3131 | Time: 3.2811 | TEST: 0.6031 0.5332 0.8215 | 0.1170 0.1173 296.1421 | Time: 4.0702
Epoch: 0031 | TRAIN: 0.1210 0.7279 0.9537 | 0.0145 0.0145 0.1879 | Time: 139.3014 | VAL: 0.1958 0.6562 0.9344 | 0.0179 0.0179 0.3833 | Time: 3.6420 | TEST: 0.6816 0.5170 0.8002 | 0.1325 0.1329 303.4037 | Time: 4.4371
Epoch: 0032 | TRAIN: 0.1203 0.7301 0.9540 | 0.0147 0.0147 0.2008 | Time: 140.3118 | VAL: 0.2005 0.6500 0.9343 | 0.0198 0.0198 0.5560 | Time: 3.5762 | TEST: 0.5848 0.5345 0.8330 | 0.1222 0.1225 299.0916 | Time: 4.3465
Epoch: 0033 | TRAIN: 0.1198 0.7312 0.9540 | 0.0145 0.0145 0.1896 | Time: 139.6896 | VAL: 0.1996 0.6523 0.9343 | 0.0196 0.0196 0.4666 | Time: 3.5134 | TEST: 0.6002 0.5297 0.8265 | 0.1385 0.1389 312.3155 | Time: 4.5653
Epoch: 0034 | TRAIN: 0.1183 0.7325 0.9545 | 0.0146 0.0146 0.1897 | Time: 140.0190 | VAL: 0.2037 0.6490 0.9329 | 0.0177 0.0177 0.3801 | Time: 3.6037 | TEST: 0.5829 0.5453 0.8337 | 0.1218 0.1221 281.6136 | Time: 4.4552
Epoch: 0035 | TRAIN: 0.1182 0.7323 0.9545 | 0.0141 0.0141 0.1835 | Time: 141.5364 | VAL: 0.2030 0.6527 0.9340 | 0.0185 0.0185 0.2938 | Time: 3.6114 | TEST: 0.6788 0.5178 0.8059 | 0.1118 0.1121 278.7227 | Time: 4.5392
Epoch: 0036 | TRAIN: 0.1174 0.7332 0.9548 | 0.0144 0.0144 0.1910 | Time: 139.9756 | VAL: 0.2002 0.6559 0.9340 | 0.0216 0.0216 0.6649 | Time: 3.5647 | TEST: 0.6802 0.5170 0.8056 | 0.1238 0.1242 290.4824 | Time: 4.4578
Epoch: 0037 | TRAIN: 0.1172 0.7340 0.9548 | 0.0141 0.0141 0.1901 | Time: 146.1433 | VAL: 0.2080 0.6460 0.9310 | 0.0174 0.0174 0.2976 | Time: 3.6715 | TEST: 0.6722 0.5135 0.8106 | 0.1136 0.1139 276.2959 | Time: 4.5642
Epoch: 0038 | TRAIN: 0.1164 0.7348 0.9549 | 0.0142 0.0142 0.1849 | Time: 138.9939 | VAL: 0.2007 0.6540 0.9348 | 0.0200 0.0200 0.6021 | Time: 3.7128 | TEST: 0.6941 0.5147 0.8035 | 0.1252 0.1255 292.7314 | Time: 4.5795
Epoch: 0039 | TRAIN: 0.1143 0.7374 0.9557 | 0.0140 0.0140 0.1897 | Time: 139.5308 | VAL: 0.2004 0.6554 0.9352 | 0.0186 0.0186 0.3661 | Time: 3.7438 | TEST: 0.6865 0.5131 0.8029 | 0.1190 0.1193 290.4552 | Time: 4.6285
Epoch: 0040 | TRAIN: 0.1131 0.7387 0.9561 | 0.0140 0.0140 0.1857 | Time: 141.8714 | VAL: 0.2006 0.6601 0.9347 | 0.0168 0.0168 0.2804 | Time: 4.0051 | TEST: 0.6623 0.5291 0.8176 | 0.1337 0.1341 302.4534 | Time: 4.4350
Epoch: 0041 | TRAIN: 0.1161 0.7360 0.9551 | 0.0141 0.0141 0.1854 | Time: 138.5086 | VAL: 0.2022 0.6528 0.9350 | 0.0185 0.0185 0.4539 | Time: 3.8830 | TEST: 0.6866 0.5199 0.8034 | 0.1316 0.1320 309.8808 | Time: 4.4151
Epoch: 0042 | TRAIN: 0.1123 0.7405 0.9563 | 0.0141 0.0141 0.1864 | Time: 136.6093 | VAL: 0.2017 0.6585 0.9347 | 0.0178 0.0178 0.3001 | Time: 4.2219 | TEST: 0.7345 0.5113 0.7957 | 0.1239 0.1242 292.4289 | Time: 5.2712
Epoch: 0043 | TRAIN: 0.1109 0.7420 0.9568 | 0.0135 0.0135 0.1744 | Time: 139.3621 | VAL: 0.2044 0.6549 0.9352 | 0.0172 0.0172 0.2816 | Time: 4.7410 | TEST: 0.6607 0.5277 0.8167 | 0.1166 0.1169 282.6745 | Time: 5.6692
Epoch: 0044 | TRAIN: 0.1100 0.7432 0.9570 | 0.0135 0.0135 0.1763 | Time: 141.8795 | VAL: 0.2031 0.6504 0.9358 | 0.0174 0.0174 0.3786 | Time: 3.5489 | TEST: 0.6026 0.5378 0.8365 | 0.1331 0.1334 298.2428 | Time: 4.4422
Epoch: 0045 | TRAIN: 0.1101 0.7425 0.9570 | 0.0136 0.0136 0.1799 | Time: 140.3580 | VAL: 0.2018 0.6568 0.9345 | 0.0179 0.0179 0.3384 | Time: 3.7007 | TEST: 0.6734 0.5209 0.8071 | 0.1244 0.1248 291.3547 | Time: 4.4671
Epoch: 0046 | TRAIN: 0.1091 0.7450 0.9573 | 0.0134 0.0134 0.1784 | Time: 142.4115 | VAL: 0.2012 0.6590 0.9352 | 0.0161 0.0161 0.2062 | Time: 3.5796 | TEST: 0.6616 0.5233 0.8112 | 0.1360 0.1364 294.4752 | Time: 4.4986
Epoch: 0047 | TRAIN: 0.1084 0.7457 0.9576 | 0.0136 0.0136 0.1789 | Time: 141.8953 | VAL: 0.2071 0.6535 0.9336 | 0.0174 0.0174 0.2047 | Time: 3.6031 | TEST: 0.6050 0.5395 0.8312 | 0.1178 0.1182 277.5471 | Time: 4.3961
Epoch: 0048 | TRAIN: 0.1165 0.7359 0.9546 | 0.0146 0.0146 0.1995 | Time: 140.3811 | VAL: 0.2021 0.6594 0.9348 | 0.0167 0.0167 0.2308 | Time: 4.2812 | TEST: 0.5824 0.5466 0.8386 | 0.1466 0.1471 324.3409 | Time: 5.1298
Epoch: 0049 | TRAIN: 0.1104 0.7425 0.9567 | 0.0143 0.0143 0.1811 | Time: 136.1901 | VAL: 0.1985 0.6549 0.9350 | 0.0183 0.0183 0.3833 | Time: 3.5033 | TEST: 0.6004 0.5385 0.8370 | 0.1424 0.1429 304.2305 | Time: 6.0071

