LOG FORMAT | segmentation_LOSS mIoU Acc | depth_LOSS AbsErr RelErr | TIME                                                                                     Epoch: 0000 | TRAIN: 0.5002 0.4653 0.8570 | 0.1263 0.1263 2.9429 | Time: 98.5676 | VAL: 0.3250 0.5387 0.9025 | 0.0443 0.0443 1.1010 | Time: 3.8356 | TEST: 0.5
476 0.4823 0.8312 | 0.0680 0.0682 215.5056 | Time: 5.6850                                                                                                     Epoch: 0001 | TRAIN: 0.2820 0.5548 0.9118 | 0.0358 0.0358 0.6660 | Time: 97.4162 | VAL: 0.2701 0.5682 0.9151 | 0.0296 0.0296 0.8512 | Time: 3.5416 | TEST: 0.6
626 0.4587 0.7816 | 0.1012 0.1016 250.9297 | Time: 5.6488                                                                                                     Epoch: 0002 | TRAIN: 0.2442 0.5783 0.9201 | 0.0282 0.0282 0.5046 | Time: 72.4625 | VAL: 0.2491 0.5821 0.9180 | 0.0373 0.0373 1.2595 | Time: 4.5881 | TEST: 0.5
802 0.4745 0.8076 | 0.0916 0.0919 253.0534 | Time: 2.4808                                                                                                     Epoch: 0003 | TRAIN: 0.2197 0.5970 0.9265 | 0.0263 0.0263 0.4232 | Time: 85.0563 | VAL: 0.2268 0.6013 0.9255 | 0.0251 0.0251 0.6598 | Time: 4.3416 | TEST: 0.5
177 0.5034 0.8265 | 0.1283 0.1287 287.0560 | Time: 2.4911                                                                                                     Epoch: 0004 | TRAIN: 0.2023 0.6156 0.9309 | 0.0238 0.0238 0.3985 | Time: 80.7838 | VAL: 0.2321 0.6028 0.9205 | 0.0528 0.0528 2.6913 | Time: 3.9267 | TEST: 0.6
654 0.4805 0.7738 | 0.1231 0.1235 291.9189 | Time: 2.4417                                                                                                     Epoch: 0005 | TRAIN: 0.1948 0.6363 0.9325 | 0.0235 0.0235 0.4092 | Time: 65.5042 | VAL: 0.2131 0.6236 0.9277 | 0.0205 0.0205 0.3662 | Time: 5.3627 | TEST: 0.6
140 0.5126 0.7977 | 0.1201 0.1205 274.4424 | Time: 2.4635                                                                                                     Epoch: 0006 | TRAIN: 0.1840 0.6515 0.9356 | 0.0216 0.0216 0.3318 | Time: 67.1567 | VAL: 0.2081 0.6337 0.9285 | 0.0212 0.0212 0.4182 | Time: 3.7361 | TEST: 0.5
944 0.5228 0.8028 | 0.1099 0.1102 271.3655 | Time: 2.4625                                                                                                     Epoch: 0007 | TRAIN: 0.1760 0.6613 0.9378 | 0.0203 0.0203 0.3139 | Time: 73.7540 | VAL: 0.2063 0.6254 0.9292 | 0.0222 0.0222 0.4885 | Time: 4.4859 | TEST: 0.5
891 0.5129 0.8117 | 0.1301 0.1305 300.3527 | Time: 2.5182                                                                                                     Epoch: 0008 | TRAIN: 0.1687 0.6704 0.9402 | 0.0202 0.0202 0.3190 | Time: 77.9438 | VAL: 0.2003 0.6365 0.9317 | 0.0228 0.0228 0.5035 | Time: 3.5081 | TEST: 0.5
019 0.5413 0.8408 | 0.1177 0.1181 288.7587 | Time: 5.2659                                                                                                     Epoch: 0009 | TRAIN: 0.1631 0.6788 0.9418 | 0.0196 0.0196 0.2965 | Time: 69.8634 | VAL: 0.2053 0.6399 0.9295 | 0.0285 0.0285 0.6018 | Time: 3.3015 | TEST: 0.5
376 0.5325 0.8300 | 0.1124 0.1127 286.4341 | Time: 5.4498                                                                                                     Epoch: 0010 | TRAIN: 0.1612 0.6815 0.9422 | 0.0203 0.0203 0.2862 | Time: 92.0154 | VAL: 0.2008 0.6369 0.9313 | 0.0205 0.0205 0.4444 | Time: 3.5904 | TEST: 0.5
664 0.5261 0.8205 | 0.1143 0.1146 276.8865 | Time: 4.7711                                                                                                     Epoch: 0011 | TRAIN: 0.1547 0.6889 0.9441 | 0.0181 0.0181 0.2581 | Time: 92.0985 | VAL: 0.1965 0.6501 0.9323 | 0.0265 0.0265 0.5690 | Time: 3.0622 | TEST: 0.6
376 0.5162 0.7889 | 0.1235 0.1238 303.9064 | Time: 5.3804                                                                                                     Epoch: 0012 | TRAIN: 0.1499 0.6933 0.9456 | 0.0183 0.0183 0.2686 | Time: 91.8124 | VAL: 0.1968 0.6474 0.9320 | 0.0226 0.0226 0.4887 | Time: 3.3397 | TEST: 0.6
234 0.5142 0.8024 | 0.1355 0.1360 309.2519 | Time: 5.2655                                                                                                     Epoch: 0013 | TRAIN: 0.1468 0.6990 0.9465 | 0.0175 0.0175 0.2466 | Time: 92.2556 | VAL: 0.2013 0.6412 0.9321 | 0.0224 0.0224 0.5747 | Time: 3.7031 | TEST: 0.6
594 0.5098 0.7944 | 0.1205 0.1208 286.2167 | Time: 5.3961
Epoch: 0014 | TRAIN: 0.1431 0.7012 0.9476 | 0.0166 0.0166 0.2355 | Time: 92.3461 | VAL: 0.1975 0.6463 0.9323 | 0.0182 0.0182 0.2656 | Time: 3.6483 | TEST: 0.6
041 0.5188 0.8126 | 0.1383 0.1387 300.6857 | Time: 4.8721
Epoch: 0015 | TRAIN: 0.1415 0.7040 0.9479 | 0.0166 0.0166 0.2416 | Time: 92.3326 | VAL: 0.1958 0.6541 0.9324 | 0.0199 0.0199 0.3313 | Time: 3.4013 | TEST: 0.6809 0.5037 0.7884 | 0.1360 0.1364 296.7647 | Time: 5.2592
Epoch: 0016 | TRAIN: 0.1376 0.7094 0.9492 | 0.0164 0.0164 0.2288 | Time: 92.0688 | VAL: 0.1976 0.6489 0.9330 | 0.0258 0.0258 0.8413 | Time: 3.4043 | TEST: 0.6046 0.5251 0.8166 | 0.1298 0.1301 298.8399 | Time: 5.1703
Epoch: 0017 | TRAIN: 0.1351 0.7121 0.9499 | 0.0160 0.0160 0.2162 | Time: 92.5249 | VAL: 0.1980 0.6420 0.9329 | 0.0190 0.0190 0.3527 | Time: 3.4387 | TEST: 0.6191 0.5078 0.8116 | 0.1193 0.1196 280.7095 | Time: 5.3425
Epoch: 0018 | TRAIN: 0.1330 0.7145 0.9505 | 0.0162 0.0162 0.2213 | Time: 92.2577 | VAL: 0.1979 0.6481 0.9328 | 0.0180 0.0180 0.2362 | Time: 3.3897 | TEST: 0.6365 0.5090 0.8082 | 0.1157 0.1160 268.6430 | Time: 4.9041
Epoch: 0019 | TRAIN: 0.1314 0.7162 0.9510 | 0.0159 0.0159 0.2222 | Time: 92.3809 | VAL: 0.1947 0.6527 0.9340 | 0.0213 0.0213 0.3990 | Time: 3.6155 | TEST: 0.6291 0.5101 0.8048 | 0.1247 0.1251 283.8260 | Time: 4.9388
Epoch: 0020 | TRAIN: 0.1292 0.7198 0.9517 | 0.0154 0.0154 0.2174 | Time: 92.4388 | VAL: 0.1957 0.6542 0.9344 | 0.0192 0.0192 0.3945 | Time: 3.5295 | TEST: 0.6401 0.5128 0.8057 | 0.1236 0.1240 288.2608 | Time: 5.3326
Epoch: 0021 | TRAIN: 0.1266 0.7228 0.9524 | 0.0153 0.0153 0.2086 | Time: 92.1518 | VAL: 0.1969 0.6458 0.9343 | 0.0227 0.0227 0.7228 | Time: 3.5759 | TEST: 0.6407 0.5088 0.8059 | 0.1389 0.1394 306.6582 | Time: 5.3200
Epoch: 0022 | TRAIN: 0.1254 0.7232 0.9528 | 0.0151 0.0151 0.2072 | Time: 92.1895 | VAL: 0.1985 0.6546 0.9340 | 0.0188 0.0188 0.2817 | Time: 3.7018 | TEST: 0.6125 0.5226 0.8142 | 0.1189 0.1193 272.5874 | Time: 4.7893
Epoch: 0023 | TRAIN: 0.1235 0.7263 0.9533 | 0.0144 0.0144 0.1995 | Time: 92.2639 | VAL: 0.1983 0.6592 0.9328 | 0.0186 0.0186 0.3265 | Time: 3.2429 | TEST: 0.7170 0.4960 0.7855 | 0.1195 0.1200 272.1427 | Time: 5.4187
Epoch: 0024 | TRAIN: 0.1217 0.7281 0.9538 | 0.0147 0.0147 0.2009 | Time: 92.2827 | VAL: 0.1980 0.6523 0.9340 | 0.0271 0.0271 0.6853 | Time: 3.4257 | TEST: 0.6936 0.4924 0.7927 | 0.1107 0.1111 272.3632 | Time: 5.2604
Epoch: 0025 | TRAIN: 0.1205 0.7305 0.9542 | 0.0144 0.0144 0.1974 | Time: 92.5773 | VAL: 0.2093 0.6502 0.9324 | 0.0454 0.0454 1.9692 | Time: 3.0863 | TEST: 0.8334 0.4440 0.7532 | 0.1747 0.1756 277.1620 | Time: 5.2976
Epoch: 0026 | TRAIN: 0.1204 0.7297 0.9541 | 0.0144 0.0144 0.1969 | Time: 91.8824 | VAL: 0.1992 0.6495 0.9334 | 0.0192 0.0192 0.4472 | Time: 4.4633 | TEST: 0.7115 0.4935 0.7863 | 0.1169 0.1172 284.0415 | Time: 5.4996
Epoch: 0027 | TRAIN: 0.1181 0.7330 0.9549 | 0.0144 0.0144 0.2066 | Time: 90.9154 | VAL: 0.1934 0.6584 0.9355 | 0.0181 0.0181 0.2945 | Time: 3.4461 | TEST: 0.6159 0.5247 0.8223 | 0.1260 0.1264 290.0200 | Time: 4.8884
Epoch: 0028 | TRAIN: 0.1173 0.7344 0.9551 | 0.0142 0.0142 0.1904 | Time: 91.0784 | VAL: 0.1936 0.6522 0.9354 | 0.0190 0.0190 0.3268 | Time: 3.6301 | TEST: 0.6123 0.5231 0.8209 | 0.1234 0.1238 289.4554 | Time: 5.4043
Epoch: 0029 | TRAIN: 0.1160 0.7365 0.9555 | 0.0138 0.0138 0.1911 | Time: 90.2615 | VAL: 0.1983 0.6550 0.9347 | 0.0199 0.0199 0.4395 | Time: 3.5598 | TEST: 0.7042 0.5049 0.7986 | 0.1206 0.1209 275.3274 | Time: 5.4314
Epoch: 0030 | TRAIN: 0.1149 0.7371 0.9558 | 0.0147 0.0147 0.1878 | Time: 90.1754 | VAL: 0.1965 0.6540 0.9345 | 0.0195 0.0195 0.4037 | Time: 3.5417 | TEST: 0.6649 0.5109 0.8057 | 0.1329 0.1333 298.7838 | Time: 5.3315
Epoch: 0031 | TRAIN: 0.1144 0.7374 0.9559 | 0.0139 0.0139 0.1946 | Time: 90.1482 | VAL: 0.1950 0.6561 0.9352 | 0.0170 0.0170 0.2403 | Time: 5.3038 | TEST: 0.6316 0.5157 0.8160 | 0.1206 0.1209 288.0105 | Time: 5.3896
Epoch: 0032 | TRAIN: 0.1138 0.7384 0.9561 | 0.0142 0.0142 0.1928 | Time: 90.6791 | VAL: 0.1962 0.6547 0.9349 | 0.0228 0.0228 0.5606 | Time: 3.6716 | TEST: 0.6
639 0.5138 0.8068 | 0.1255 0.1259 290.6220 | Time: 4.8565
Epoch: 0033 | TRAIN: 0.1129 0.7395 0.9563 | 0.0137 0.0137 0.1866 | Time: 89.0792 | VAL: 0.1943 0.6612 0.9353 | 0.0170 0.0170 0.2436 | Time: 3.6376 | TEST: 0.6531 0.5204 0.8089 | 0.1175 0.1179 279.0179 | Time: 4.8458
Epoch: 0034 | TRAIN: 0.1118 0.7408 0.9567 | 0.0131 0.0131 0.1785 | Time: 89.8756 | VAL: 0.1983 0.6560 0.9359 | 0.0172 0.0172 0.2302 | Time: 4.5960 | TEST: 0.5877 0.5357 0.8330 | 0.1277 0.1280 288.0541 | Time: 5.5742
Epoch: 0035 | TRAIN: 0.1110 0.7413 0.9569 | 0.0134 0.0134 0.1776 | Time: 91.4563 | VAL: 0.1982 0.6555 0.9350 | 0.0214 0.0214 0.4637 | Time: 4.2649 | TEST: 0.6345 0.5262 0.8188 | 0.1186 0.1189 278.2465 | Time: 4.7131
Epoch: 0036 | TRAIN: 0.1108 0.7429 0.9569 | 0.0139 0.0139 0.1822 | Time: 91.5117 | VAL: 0.2001 0.6546 0.9346 | 0.0227 0.0227 0.6260 | Time: 4.4048 | TEST: 0.7369 0.4967 0.7953 | 0.1218 0.1222 287.5568 | Time: 4.7593
Epoch: 0037 | TRAIN: 0.1103 0.7436 0.9570 | 0.0145 0.0145 0.1902 | Time: 92.0807 | VAL: 0.2026 0.6523 0.9352 | 0.0164 0.0164 0.2083 | Time: 4.1515 | TEST: 0.6529 0.5214 0.8151 | 0.1233 0.1237 278.3550 | Time: 5.4759
Epoch: 0038 | TRAIN: 0.1093 0.7433 0.9574 | 0.0139 0.0139 0.1883 | Time: 92.7696 | VAL: 0.1978 0.6630 0.9353 | 0.0184 0.0184 0.3736 | Time: 3.5421 | TEST: 0.6865 0.5115 0.8030 | 0.1229 0.1232 282.7974 | Time: 4.4553
Epoch: 0039 | TRAIN: 0.1081 0.7457 0.9578 | 0.0129 0.0129 0.1784 | Time: 92.8101 | VAL: 0.1983 0.6627 0.9362 | 0.0161 0.0161 0.1960 | Time: 3.8348 | TEST: 0.6362 0.5235 0.8202 | 0.1282 0.1286 295.0644 | Time: 5.4107
Epoch: 0040 | TRAIN: 0.1079 0.7460 0.9578 | 0.0138 0.0138 0.1736 | Time: 92.3857 | VAL: 0.1995 0.6632 0.9345 | 0.0224 0.0224 0.7862 | Time: 4.0317 | TEST: 0.6188 0.5311 0.8266 | 0.1121 0.1124 264.0160 | Time: 4.9116
Epoch: 0041 | TRAIN: 0.1079 0.7458 0.9577 | 0.0131 0.0131 0.1727 | Time: 91.1455 | VAL: 0.1974 0.6613 0.9357 | 0.0183 0.0183 0.3710 | Time: 5.1051 | TEST: 0.6378 0.5212 0.8221 | 0.1346 0.1350 294.8767 | Time: 5.2227
Epoch: 0042 | TRAIN: 0.1068 0.7470 0.9581 | 0.0128 0.0128 0.1718 | Time: 92.7226 | VAL: 0.2132 0.6634 0.9353 | 0.0229 0.0229 0.8046 | Time: 3.7615 | TEST: 0.6597 0.5317 0.8286 | 0.1300 0.1303 288.4462 | Time: 4.6951
Epoch: 0043 | TRAIN: 0.1059 0.7481 0.9584 | 0.0140 0.0140 0.1873 | Time: 92.4775 | VAL: 0.2019 0.6624 0.9364 | 0.0175 0.0175 0.3395 | Time: 2.7942 | TEST: 0.6903 0.5181 0.8156 | 0.1272 0.1276 287.3196 | Time: 5.2025
Epoch: 0044 | TRAIN: 0.1050 0.7497 0.9587 | 0.0127 0.0127 0.1696 | Time: 90.1489 | VAL: 0.2034 0.6562 0.9358 | 0.0209 0.0209 0.5675 | Time: 3.7045 | TEST: 0.7778 0.4947 0.7904 | 0.1296 0.1298 286.1002 | Time: 4.9718
Epoch: 0045 | TRAIN: 0.1048 0.7503 0.9587 | 0.0126 0.0126 0.1613 | Time: 92.2380 | VAL: 0.2082 0.6586 0.9352 | 0.0228 0.0228 0.5547 | Time: 3.8154 | TEST: 0.7242 0.5101 0.8063 | 0.1154 0.1158 278.6088 | Time: 5.4360
Epoch: 0046 | TRAIN: 0.1047 0.7508 0.9587 | 0.0125 0.0125 0.1675 | Time: 92.8850 | VAL: 0.2026 0.6634 0.9355 | 0.0203 0.0203 0.5076 | Time: 5.5425 | TEST: 0.6637 0.5245 0.8183 | 0.1229 0.1232 275.1325 | Time: 5.4799
Epoch: 0047 | TRAIN: 0.1047 0.7507 0.9587 | 0.0129 0.0129 0.1738 | Time: 90.1531 | VAL: 0.2011 0.6657 0.9362 | 0.0210 0.0210 0.3924 | Time: 3.6595 | TEST: 0.7129 0.5161 0.8020 | 0.1228 0.1232 279.1607 | Time: 4.9252
Epoch: 0048 | TRAIN: 0.1044 0.7515 0.9587 | 0.0128 0.0128 0.1664 | Time: 92.9080 | VAL: 0.1990 0.6637 0.9366 | 0.0163 0.0163 0.1905 | Time: 3.4456 | TEST: 0.7219 0.5147 0.8016 | 0.1181 0.1185 272.5158 | Time: 5.2671
Epoch: 0049 | TRAIN: 0.1162 0.7398 0.9552 | 0.0144 0.0144 0.1845 | Time: 93.0028 | VAL: 0.2452 0.6280 0.9227 | 0.0235 0.0235 0.4815 | Time: 3.4686 | TEST: 0.6755 0.5111 0.8132 | 0.1125 0.1129 270.0591 | Time: 5.4347
