LOG FORMAT | segmentation_LOSS mIoU Acc | depth_LOSS AbsErr RelErr | TIME
Epoch: 0000 | TRAIN: 0.5258 0.4474 0.8464 | 0.1385 0.1385 3.0848 | Time: 91.6781 | VAL: 0.3431 0.5312 0.8979 | 0.0523 0.0523 1.8348 | Time: 3.3514 | TEST: 0.5558 0.4810 0.8293 | 0.0915 0.0917 213.4686 | Time: 4.5925
Epoch: 0001 | TRAIN: 0.2978 0.5443 0.9064 | 0.0385 0.0385 0.7410 | Time: 143.4154 | VAL: 0.2943 0.5523 0.9100 | 0.0391 0.0391 1.3626 | Time: 3.1711 | TEST: 0.6305 0.4740 0.8064 | 0.1244 0.1247 278.2734 | Time: 4.2554
Epoch: 0002 | TRAIN: 0.2556 0.5687 0.9167 | 0.0313 0.0313 0.5475 | Time: 139.9188 | VAL: 0.2538 0.5799 0.9183 | 0.0243 0.0243 0.3154 | Time: 3.1983 | TEST: 0.7031 0.4595 0.7612 | 0.1335 0.1337 294.5573 | Time: 4.2706
Epoch: 0003 | TRAIN: 0.2305 0.5884 0.9228 | 0.0282 0.0282 0.4447 | Time: 141.6029 | VAL: 0.2455 0.5828 0.9179 | 0.0241 0.0241 0.2564 | Time: 3.1199 | TEST: 0.5306 0.5107 0.8253 | 0.1173 0.1175 285.6978 | Time: 4.2481
Epoch: 0004 | TRAIN: 0.2165 0.5982 0.9261 | 0.0259 0.0259 0.4011 | Time: 140.1078 | VAL: 0.2284 0.6017 0.9235 | 0.0216 0.0216 0.2845 | Time: 3.2705 | TEST: 0.6336 0.4877 0.7860 | 0.1415 0.1418 296.2701 | Time: 4.2875
Epoch: 0005 | TRAIN: 0.2049 0.6146 0.9290 | 0.0237 0.0237 0.3539 | Time: 140.5744 | VAL: 0.2231 0.6165 0.9237 | 0.0230 0.0230 0.4859 | Time: 3.2358 | TEST: 0.5696 0.5286 0.8099 | 0.1298 0.1300 291.4941 | Time: 4.2753
Epoch: 0006 | TRAIN: 0.1957 0.6359 0.9318 | 0.0235 0.0235 0.3465 | Time: 142.5705 | VAL: 0.2184 0.6200 0.9253 | 0.0306 0.0306 0.7927 | Time: 3.2813 | TEST: 0.5441 0.5375 0.8187 | 0.1507 0.1510 321.8886 | Time: 4.2851
Epoch: 0007 | TRAIN: 0.1863 0.6479 0.9345 | 0.0225 0.0225 0.3368 | Time: 142.0565 | VAL: 0.2070 0.6281 0.9282 | 0.0207 0.0207 0.2375 | Time: 3.2291 | TEST: 0.5554 0.5352 0.8157 | 0.1556 0.1558 327.5045 | Time: 4.2925
Epoch: 0008 | TRAIN: 0.1798 0.6562 0.9361 | 0.0211 0.0211 0.3065 | Time: 141.0185 | VAL: 0.2076 0.6334 0.9285 | 0.0198 0.0198 0.2948 | Time: 3.2907 | TEST: 0.5666 0.5330 0.8129 | 0.1464 0.1467 306.3696 | Time: 4.2755
Epoch: 0009 | TRAIN: 0.1747 0.6628 0.9377 | 0.0203 0.0203 0.2893 | Time: 142.2120 | VAL: 0.2014 0.6310 0.9299 | 0.0193 0.0193 0.2242 | Time: 3.5313 | TEST: 0.4777 0.5587 0.8468 | 0.1450 0.1452 311.5952 | Time: 4.2604
Epoch: 0010 | TRAIN: 0.1710 0.6676 0.9386 | 0.0209 0.0209 0.2837 | Time: 140.8511 | VAL: 0.2088 0.6291 0.9279 | 0.0246 0.0246 0.3877 | Time: 3.5388 | TEST: 0.6159 0.5278 0.7975 | 0.1487 0.1490 326.9763 | Time: 4.2817
Epoch: 0011 | TRAIN: 0.1680 0.6715 0.9394 | 0.0200 0.0200 0.2771 | Time: 139.9037 | VAL: 0.1997 0.6434 0.9307 | 0.0188 0.0188 0.2404 | Time: 3.4010 | TEST: 0.5137 0.5496 0.8350 | 0.1392 0.1395 308.2470 | Time: 4.2268
Epoch: 0012 | TRAIN: 0.1619 0.6789 0.9414 | 0.0212 0.0212 0.2684 | Time: 142.9788 | VAL: 0.2600 0.6183 0.9150 | 0.0282 0.0282 0.7139 | Time: 3.5699 | TEST: 0.6023 0.5236 0.8112 | 0.1491 0.1494 330.6834 | Time: 4.2346
Epoch: 0013 | TRAIN: 0.1606 0.6808 0.9416 | 0.0190 0.0190 0.2683 | Time: 147.5893 | VAL: 0.1979 0.6477 0.9312 | 0.0191 0.0191 0.2247 | Time: 3.3655 | TEST: 0.5545 0.5459 0.8253 | 0.1598 0.1600 330.4757 | Time: 4.2834
Epoch: 0014 | TRAIN: 0.1554 0.6860 0.9433 | 0.0181 0.0181 0.2616 | Time: 142.7113 | VAL: 0.1961 0.6430 0.9311 | 0.0205 0.0205 0.2786 | Time: 3.9696 | TEST: 0.5382 0.5462 0.8311 | 0.1458 0.1461 317.0186 | Time: 4.3247
Epoch: 0015 | TRAIN: 0.1535 0.6889 0.9438 | 0.0191 0.0191 0.2611 | Time: 142.8652 | VAL: 0.1970 0.6457 0.9310 | 0.0186 0.0186 0.3239 | Time: 3.7491 | TEST: 0.4842 0.5613 0.8473 | 0.1363 0.1366 296.7889 | Time: 4.1192
Epoch: 0016 | TRAIN: 0.1494 0.6935 0.9451 | 0.0173 0.0173 0.2458 | Time: 146.5072 | VAL: 0.1942 0.6482 0.9326 | 0.0210 0.0210 0.3927 | Time: 3.1202 | TEST: 0.5104 0.5504 0.8396 | 0.1382 0.1385 316.7815 | Time: 4.2711
Epoch: 0017 | TRAIN: 0.1474 0.6969 0.9457 | 0.0175 0.0175 0.2447 | Time: 141.0558 | VAL: 0.1960 0.6427 0.9323 | 0.0194 0.0194 0.3446 | Time: 3.4808 | TEST: 0.5291 0.5462 0.8389 | 0.1525 0.1528 333.7555 | Time: 4.0996
Epoch: 0018 | TRAIN: 0.1432 0.7010 0.9470 | 0.0175 0.0175 0.2527 | Time: 140.4178 | VAL: 0.1937 0.6469 0.9335 | 0.0181 0.0181 0.2937 | Time: 3.5745 | TEST: 0.5167 0.5542 0.8446 | 0.1225 0.1227 286.7636 | Time: 4.1155
Epoch: 0019 | TRAIN: 0.1418 0.7037 0.9474 | 0.0166 0.0166 0.2333 | Time: 142.0817 | VAL: 0.1985 0.6458 0.9313 | 0.0189 0.0189 0.3419 | Time: 3.4051 | TEST: 0.6174 0.5242 0.8172 | 0.1423 0.1426 306.0644 | Time: 4.1492
Epoch: 0020 | TRAIN: 0.1395 0.7061 0.9482 | 0.0162 0.0162 0.2324 | Time: 141.5862 | VAL: 0.1963 0.6371 0.9325 | 0.0190 0.0190 0.3048 | Time: 3.2444 | TEST: 0.5346 0.5429 0.8363 | 0.1235 0.1237 282.6024 | Time: 4.0428
Epoch: 0021 | TRAIN: 0.1383 0.7078 0.9484 | 0.0169 0.0169 0.2336 | Time: 141.0257 | VAL: 0.1962 0.6448 0.9331 | 0.0190 0.0190 0.3217 | Time: 3.6014 | TEST: 0.4590 0.5656 0.8624 | 0.1611 0.1615 343.7825 | Time: 4.1165
Epoch: 0022 | TRAIN: 0.1442 0.7035 0.9467 | 0.0175 0.0175 0.2370 | Time: 141.7550 | VAL: 0.1952 0.6462 0.9330 | 0.0183 0.0183 0.3123 | Time: 3.4335 | TEST: 0.4740 0.5550 0.8584 | 0.1180 0.1184 285.2753 | Time: 4.3461
Epoch: 0023 | TRAIN: 0.1379 0.7085 0.9484 | 0.0171 0.0171 0.2297 | Time: 145.9930 | VAL: 0.1940 0.6577 0.9333 | 0.0195 0.0195 0.4088 | Time: 3.4597 | TEST: 0.6590 0.5113 0.7866 | 0.1239 0.1242 287.8233 | Time: 4.2087
Epoch: 0024 | TRAIN: 0.1340 0.7133 0.9498 | 0.0166 0.0166 0.2322 | Time: 139.9522 | VAL: 0.1971 0.6500 0.9328 | 0.0194 0.0194 0.3852 | Time: 3.2488 | TEST: 1.2439 0.4063 0.6353 | 0.1342 0.1344 293.8306 | Time: 4.2093
Epoch: 0025 | TRAIN: 0.1340 0.7122 0.9496 | 0.0164 0.0164 0.2253 | Time: 140.5918 | VAL: 0.1925 0.6542 0.9342 | 0.0187 0.0187 0.3278 | Time: 3.2398 | TEST: 0.8122 0.4750 0.7358 | 0.1632 0.1635 324.4786 | Time: 4.1861
Epoch: 0026 | TRAIN: 0.1309 0.7163 0.9507 | 0.0155 0.0155 0.2148 | Time: 141.8423 | VAL: 0.1938 0.6535 0.9339 | 0.0194 0.0194 0.3962 | Time: 3.2570 | TEST: 0.7605 0.4816 0.7597 | 0.1308 0.1311 293.2339 | Time: 4.1641
Epoch: 0027 | TRAIN: 0.1283 0.7195 0.9516 | 0.0150 0.0150 0.2033 | Time: 142.9591 | VAL: 0.1946 0.6457 0.9336 | 0.0196 0.0196 0.3138 | Time: 3.2582 | TEST: 0.8264 0.4722 0.7450 | 0.1421 0.1424 314.5408 | Time: 4.2129
Epoch: 0028 | TRAIN: 0.1265 0.7216 0.9521 | 0.0156 0.0156 0.2082 | Time: 141.4863 | VAL: 0.1956 0.6513 0.9345 | 0.0179 0.0179 0.2839 | Time: 3.1828 | TEST: 0.7393 0.4882 0.7722 | 0.1328 0.1332 290.7756 | Time: 4.3638
Epoch: 0029 | TRAIN: 0.1252 0.7234 0.9525 | 0.0153 0.0153 0.2076 | Time: 146.2796 | VAL: 0.1923 0.6597 0.9347 | 0.0174 0.0174 0.2183 | Time: 3.1594 | TEST: 0.7318 0.4928 0.7743 | 0.1285 0.1289 294.5691 | Time: 4.3008
Epoch: 0030 | TRAIN: 0.1237 0.7253 0.9529 | 0.0147 0.0147 0.1946 | Time: 141.2361 | VAL: 0.1944 0.6559 0.9348 | 0.0168 0.0168 0.2578 | Time: 3.1694 | TEST: 0.6955 0.5019 0.7873 | 0.1269 0.1272 296.7873 | Time: 4.2091
Epoch: 0031 | TRAIN: 0.1220 0.7271 0.9535 | 0.0145 0.0145 0.1833 | Time: 141.2706 | VAL: 0.1949 0.6563 0.9344 | 0.0183 0.0183 0.3847 | Time: 3.4736 | TEST: 0.7444 0.4942 0.7780 | 0.1402 0.1406 313.7762 | Time: 4.4047
Epoch: 0032 | TRAIN: 0.1211 0.7284 0.9538 | 0.0144 0.0144 0.1889 | Time: 140.2414 | VAL: 0.2070 0.6503 0.9327 | 0.0186 0.0186 0.3426 | Time: 3.7475 | TEST: 0.6619 0.5136 0.8062 | 0.1327 0.1330 306.4849 | Time: 4.3519
Epoch: 0033 | TRAIN: 0.1258 0.7236 0.9520 | 0.0152 0.0152 0.1945 | Time: 140.3912 | VAL: 0.1987 0.6448 0.9339 | 0.0185 0.0185 0.3909 | Time: 3.6487 | TEST: 0.7073 0.4918 0.7911 | 0.1364 0.1368 296.0453 | Time: 4.5511
Epoch: 0034 | TRAIN: 0.1207 0.7293 0.9537 | 0.0144 0.0144 0.1915 | Time: 140.4915 | VAL: 0.1987 0.6528 0.9341 | 0.0179 0.0179 0.3098 | Time: 3.5839 | TEST: 0.7463 0.4937 0.7773 | 0.1162 0.1165 270.8942 | Time: 4.4505
Epoch: 0035 | TRAIN: 0.1192 0.7304 0.9542 | 0.0151 0.0151 0.1982 | Time: 142.0223 | VAL: 0.1998 0.6565 0.9343 | 0.0190 0.0190 0.3582 | Time: 3.6129 | TEST: 0.7823 0.4896 0.7741 | 0.1286 0.1290 295.7451 | Time: 4.6759
Epoch: 0036 | TRAIN: 0.1251 0.7224 0.9523 | 0.0153 0.0153 0.2043 | Time: 139.5785 | VAL: 0.2054 0.6532 0.9322 | 0.0188 0.0188 0.3595 | Time: 3.5296 | TEST: 0.8454 0.4739 0.7635 | 0.1427 0.1430 307.8976 | Time: 4.4794
Epoch: 0037 | TRAIN: 0.1203 0.7294 0.9538 | 0.0144 0.0144 0.1951 | Time: 147.0492 | VAL: 0.2010 0.6499 0.9327 | 0.0177 0.0177 0.3218 | Time: 3.7109 | TEST: 0.7641 0.4910 0.7791 | 0.1281 0.1284 291.9674 | Time: 4.4026
Epoch: 0038 | TRAIN: 0.1185 0.7326 0.9543 | 0.0144 0.0144 0.1963 | Time: 139.6781 | VAL: 0.1958 0.6588 0.9353 | 0.0175 0.0175 0.2568 | Time: 3.6641 | TEST: 0.7117 0.5033 0.7921 | 0.1470 0.1474 313.9115 | Time: 4.6805
Epoch: 0039 | TRAIN: 0.1158 0.7354 0.9553 | 0.0142 0.0142 0.1887 | Time: 139.6022 | VAL: 0.1978 0.6622 0.9358 | 0.0192 0.0192 0.4070 | Time: 3.8725 | TEST: 0.7930 0.4896 0.7708 | 0.1333 0.1336 299.8106 | Time: 4.5150
Epoch: 0040 | TRAIN: 0.1142 0.7372 0.9558 | 0.0140 0.0140 0.1871 | Time: 141.8512 | VAL: 0.1995 0.6596 0.9347 | 0.0181 0.0181 0.3111 | Time: 3.7562 | TEST: 0.7257 0.5086 0.7927 | 0.1424 0.1427 307.6525 | Time: 4.5453
Epoch: 0041 | TRAIN: 0.1138 0.7385 0.9559 | 0.0138 0.0138 0.1777 | Time: 140.0007 | VAL: 0.2009 0.6587 0.9353 | 0.0178 0.0178 0.3593 | Time: 3.7328 | TEST: 0.6620 0.5168 0.8085 | 0.1443 0.1446 314.4926 | Time: 5.0600
Epoch: 0042 | TRAIN: 0.1124 0.7407 0.9564 | 0.0139 0.0139 0.1762 | Time: 141.1061 | VAL: 0.2018 0.6590 0.9346 | 0.0180 0.0180 0.3094 | Time: 4.1870 | TEST: 0.8423 0.4803 0.7662 | 0.1380 0.1383 302.2920 | Time: 6.7688
Epoch: 0043 | TRAIN: 0.1118 0.7414 0.9565 | 0.0138 0.0138 0.1747 | Time: 140.7227 | VAL: 0.2004 0.6585 0.9354 | 0.0175 0.0175 0.2603 | Time: 4.5252 | TEST: 0.7013 0.5096 0.8012 | 0.1397 0.1401 303.6330 | Time: 5.7233
Epoch: 0044 | TRAIN: 0.1107 0.7426 0.9569 | 0.0136 0.0136 0.1863 | Time: 139.4071 | VAL: 0.2026 0.6547 0.9352 | 0.0189 0.0189 0.3882 | Time: 4.5214 | TEST: 0.6840 0.5166 0.8089 | 0.1376 0.1379 304.9314 | Time: 4.3513
Epoch: 0045 | TRAIN: 0.1110 0.7417 0.9567 | 0.0137 0.0137 0.1730 | Time: 141.1754 | VAL: 0.1972 0.6599 0.9352 | 0.0195 0.0195 0.4239 | Time: 3.5401 | TEST: 0.7511 0.5005 0.7865 | 0.1384 0.1387 303.3587 | Time: 4.5760
Epoch: 0046 | TRAIN: 0.1101 0.7437 0.9570 | 0.0138 0.0138 0.1720 | Time: 142.0032 | VAL: 0.2003 0.6605 0.9344 | 0.0162 0.0162 0.2472 | Time: 3.5679 | TEST: 0.7121 0.5047 0.7943 | 0.1432 0.1435 301.8526 | Time: 4.4732
Epoch: 0047 | TRAIN: 0.1094 0.7445 0.9572 | 0.0130 0.0130 0.1703 | Time: 141.8845 | VAL: 0.2151 0.6501 0.9313 | 0.0182 0.0182 0.3242 | Time: 3.6967 | TEST: 0.7401 0.4999 0.7945 | 0.1460 0.1463 311.5740 | Time: 4.4725
Epoch: 0048 | TRAIN: 0.1160 0.7358 0.9550 | 0.0138 0.0138 0.1829 | Time: 141.0870 | VAL: 0.2021 0.6545 0.9347 | 0.0186 0.0186 0.3928 | Time: 3.2775 | TEST: 0.7052 0.5060 0.8026 | 0.1426 0.1429 310.5944 | Time: 4.2531
Epoch: 0049 | TRAIN: 0.1104 0.7427 0.9568 | 0.0135 0.0135 0.1731 | Time: 139.0403 | VAL: 0.1988 0.6573 0.9356 | 0.0173 0.0173 0.2920 | Time: 4.5878 | TEST: 0.6954 0.5090 0.8043 | 0.1430 0.1433 309.8162 | Time: 5.1524

