LOG FORMAT | segmentation_LOSS mIoU Acc | depth_LOSS AbsErr RelErr | TIME
Epoch: 0000 | TRAIN: 0.5190 0.4479 0.8462 | 0.1083 0.1083 2.4345 | Time: 88.2782 | VAL: 0.4158 0.4910 0.8710 | 0.1143 0.1143 6.5868 | Time: 3.3306 | TEST: 0.6319 0.4551 0.7990 | 0.0941 0.0944 350.4814 | Time: 4.9302
Epoch: 0001 | TRAIN: 0.2903 0.5435 0.9047 | 0.0323 0.0323 0.6127 | Time: 85.3932 | VAL: 0.2836 0.5522 0.9090 | 0.0446 0.0446 1.7723 | Time: 3.2084 | TEST: 0.6392 0.4681 0.7958 | 0.1539 0.1544 308.7202 | Time: 4.6961
Epoch: 0002 | TRAIN: 0.2556 0.5670 0.9136 | 0.0317 0.0317 0.4524 | Time: 87.8161 | VAL: 0.2556 0.5776 0.9156 | 0.0270 0.0270 0.2751 | Time: 3.3908 | TEST: 0.6319 0.4669 0.7942 | 0.1569 0.1573 319.7175 | Time: 4.9545
Epoch: 0003 | TRAIN: 0.2347 0.5814 0.9189 | 0.0282 0.0282 0.2933 | Time: 85.4056 | VAL: 0.2526 0.5695 0.9134 | 0.0209 0.0209 0.2422 | Time: 3.4030 | TEST: 0.4717 0.5163 0.8459 | 0.1204 0.1205 275.1670 | Time: 4.9305
Epoch: 0004 | TRAIN: 0.2276 0.5880 0.9204 | 0.0264 0.0264 0.2862 | Time: 85.5542 | VAL: 0.2313 0.5980 0.9198 | 0.0215 0.0215 0.2733 | Time: 9.2878 | TEST: 0.6429 0.4777 0.7574 | 0.1766 0.1769 331.3893 | Time: 2.1962
tensor([0.2278, 0.0265], device='cuda:0')                                                                                                                     Epoch: 0005 | TRAIN: 0.2129 0.6113 0.9250 | 0.0226 0.0226 0.2534 | Time: 197.3893 | VAL: 0.2281 0.6208 0.9209 | 0.0219 0.0219 0.2769 | Time: 4.1524 | TEST: 0.
6194 0.4879 0.7819 | 0.1475 0.1477 313.3814 | Time: 2.2947                                                                                                    Epoch: 0006 | TRAIN: 0.2033 0.6257 0.9279 | 0.0214 0.0214 0.2380 | Time: 67.5802 | VAL: 0.2206 0.6118 0.9236 | 0.0228 0.0228 0.3094 | Time: 4.4348 | TEST: 0.5
621 0.5185 0.8109 | 0.1729 0.1732 337.9057 | Time: 2.3123                                                                                                     Epoch: 0007 | TRAIN: 0.1957 0.6361 0.9303 | 0.0220 0.0220 0.2398 | Time: 160.3851 | VAL: 0.2142 0.6245 0.9251 | 0.0194 0.0194 0.2097 | Time: 6.2816 | TEST: 0.
5512 0.5212 0.8178 | 0.1681 0.1683 333.3605 | Time: 2.3271                                                                                                    Epoch: 0008 | TRAIN: 0.1884 0.6440 0.9324 | 0.0209 0.0209 0.2121 | Time: 79.1888 | VAL: 0.2141 0.6314 0.9256 | 0.0198 0.0198 0.2593 | Time: 4.4790 | TEST: 0.5
576 0.5263 0.8150 | 0.1688 0.1690 347.0161 | Time: 4.6179                                                                                                     Epoch: 0009 | TRAIN: 0.1835 0.6507 0.9339 | 0.0197 0.0197 0.2115 | Time: 62.3766 | VAL: 0.2079 0.6311 0.9273 | 0.0191 0.0191 0.1785 | Time: 3.3008 | TEST: 0.5
252 0.5352 0.8281 | 0.1481 0.1483 304.8536 | Time: 4.7560                                                                                                     Epoch: 0010 | TRAIN: 0.1814 0.6537 0.9344 | 0.0204 0.0204 0.2180 | Time: 81.0383 | VAL: 0.2107 0.6349 0.9271 | 0.0195 0.0195 0.2972 | Time: 3.3496 | TEST: 0.5
496 0.5371 0.8179 | 0.1508 0.1511 325.4734 | Time: 4.2591                                                                                                     Epoch: 0011 | TRAIN: 0.1775 0.6586 0.9355 | 0.0188 0.0188 0.2009 | Time: 81.5952 | VAL: 0.2101 0.6342 0.9273 | 0.0192 0.0192 0.1929 | Time: 3.3334 | TEST: 0.5
226 0.5404 0.8290 | 0.1337 0.1341 299.3161 | Time: 4.1318                                                                                                     Epoch: 0012 | TRAIN: 0.1776 0.6590 0.9353 | 0.0185 0.0185 0.2045 | Time: 81.8766 | VAL: 0.2061 0.6394 0.9283 | 0.0192 0.0192 0.3050 | Time: 3.3421 | TEST: 0.5
238 0.5374 0.8380 | 0.1460 0.1464 323.8871 | Time: 4.0847                                                                                                     Epoch: 0013 | TRAIN: 0.1717 0.6665 0.9375 | 0.0201 0.0201 0.2101 | Time: 81.0900 | VAL: 0.2037 0.6430 0.9281 | 0.0184 0.0184 0.2071 | Time: 3.6390 | TEST: 0.6
189 0.5202 0.8011 | 0.1742 0.1745 343.9538 | Time: 4.0936
Epoch: 0014 | TRAIN: 0.1664 0.6712 0.9392 | 0.0190 0.0190 0.2019 | Time: 81.7858 | VAL: 0.2097 0.6326 0.9259 | 0.0189 0.0189 0.2139 | Time: 3.3922 | TEST: 0.5
836 0.5263 0.8093 | 0.1499 0.1503 325.7833 | Time: 3.9697
Epoch: 0015 | TRAIN: 0.1641 0.6733 0.9398 | 0.0182 0.0182 0.1902 | Time: 81.7515 | VAL: 0.2038 0.6419 0.9287 | 0.0187 0.0187 0.2704 | Time: 3.3385 | TEST: 0.4889 0.5595 0.8454 | 0.1559 0.1562 330.0204 | Time: 4.4192
Epoch: 0016 | TRAIN: 0.1641 0.6739 0.9397 | 0.0188 0.0188 0.2147 | Time: 81.9836 | VAL: 0.2005 0.6366 0.9302 | 0.0184 0.0184 0.2526 | Time: 2.8939 | TEST: 0.5649 0.5290 0.8270 | 0.1256 0.1258 285.0506 | Time: 4.5385
Epoch: 0017 | TRAIN: 0.1591 0.6811 0.9413 | 0.0169 0.0169 0.1771 | Time: 81.9689 | VAL: 0.2066 0.6332 0.9284 | 0.0177 0.0177 0.2420 | Time: 3.2354 | TEST: 0.7124 0.4958 0.7814 | 0.1871 0.1873 379.6516 | Time: 4.9002
Epoch: 0018 | TRAIN: 0.1826 0.6520 0.9331 | 0.0208 0.0208 0.2375 | Time: 81.9185 | VAL: 0.2097 0.6345 0.9261 | 0.0183 0.0183 0.1984 | Time: 2.9514 | TEST: 0.7651 0.4772 0.7477 | 0.1540 0.1543 329.8765 | Time: 4.7244
Epoch: 0019 | TRAIN: 0.1728 0.6664 0.9364 | 0.0176 0.0176 0.2045 | Time: 81.8751 | VAL: 0.2100 0.6397 0.9268 | 0.0188 0.0188 0.2099 | Time: 3.3544 | TEST: 0.6602 0.5064 0.7925 | 0.1563 0.1567 334.8448 | Time: 4.6493
Epoch: 0020 | TRAIN: 0.1634 0.6760 0.9396 | 0.0167 0.0167 0.2013 | Time: 82.3514 | VAL: 0.2046 0.6270 0.9297 | 0.0188 0.0188 0.2019 | Time: 3.4591 | TEST: 0.5878 0.5133 0.8335 | 0.1484 0.1487 307.6274 | Time: 4.8553
Epoch: 0021 | TRAIN: 0.1590 0.6795 0.9412 | 0.0169 0.0169 0.2103 | Time: 81.8391 | VAL: 0.2015 0.6392 0.9297 | 0.0197 0.0197 0.3958 | Time: 3.3166 | TEST: 0.5692 0.5361 0.8232 | 0.1630 0.1634 342.9910 | Time: 4.1041
Epoch: 0022 | TRAIN: 0.1572 0.6818 0.9418 | 0.0162 0.0162 0.1939 | Time: 81.7537 | VAL: 0.2024 0.6358 0.9304 | 0.0172 0.0172 0.2059 | Time: 3.4549 | TEST: 0.6611 0.5067 0.7929 | 0.1822 0.1825 365.2801 | Time: 3.9446
Epoch: 0023 | TRAIN: 0.1528 0.6877 0.9432 | 0.0157 0.0157 0.1829 | Time: 81.3118 | VAL: 0.2009 0.6495 0.9310 | 0.0193 0.0193 0.2905 | Time: 3.4523 | TEST: 0.6756 0.5079 0.7978 | 0.1658 0.1662 343.5275 | Time: 3.9916
Epoch: 0024 | TRAIN: 0.1509 0.6904 0.9439 | 0.0159 0.0159 0.1850 | Time: 82.0220 | VAL: 0.2017 0.6345 0.9294 | 0.0179 0.0179 0.2371 | Time: 3.0326 | TEST: 0.6526 0.5153 0.8093 | 0.1556 0.1560 332.3060 | Time: 4.6237
Epoch: 0025 | TRAIN: 0.1514 0.6875 0.9435 | 0.0159 0.0159 0.1788 | Time: 82.0569 | VAL: 0.2053 0.6416 0.9289 | 0.0193 0.0193 0.2264 | Time: 3.3452 | TEST: 0.7174 0.4890 0.7698 | 0.1516 0.1520 311.3607 | Time: 4.6174
Epoch: 0026 | TRAIN: 0.1496 0.6910 0.9442 | 0.0157 0.0157 0.1742 | Time: 82.3991 | VAL: 0.2009 0.6498 0.9310 | 0.0160 0.0160 0.1746 | Time: 3.5034 | TEST: 0.7030 0.4974 0.7911 | 0.1549 0.1552 331.7041 | Time: 4.2496
Epoch: 0027 | TRAIN: 0.1490 0.6912 0.9444 | 0.0153 0.0153 0.1719 | Time: 82.2074 | VAL: 0.2034 0.6388 0.9296 | 0.0179 0.0179 0.2065 | Time: 2.7913 | TEST: 0.6153 0.5128 0.8177 | 0.1679 0.1682 333.7854 | Time: 4.7234
Epoch: 0028 | TRAIN: 0.1455 0.6958 0.9456 | 0.0150 0.0150 0.1665 | Time: 81.1703 | VAL: 0.1997 0.6557 0.9318 | 0.0162 0.0162 0.1920 | Time: 3.7294 | TEST: 0.6135 0.5211 0.8205 | 0.1481 0.1483 309.3976 | Time: 4.6719
Epoch: 0029 | TRAIN: 0.1427 0.6990 0.9465 | 0.0153 0.0153 0.1761 | Time: 80.5084 | VAL: 0.2035 0.6508 0.9307 | 0.0197 0.0197 0.2293 | Time: 3.2664 | TEST: 0.6167 0.5240 0.8218 | 0.1475 0.1479 311.3413 | Time: 4.1442
Epoch: 0030 | TRAIN: 0.1422 0.7007 0.9465 | 0.0145 0.0145 0.1659 | Time: 81.0464 | VAL: 0.2020 0.6521 0.9324 | 0.0166 0.0166 0.1823 | Time: 3.2756 | TEST: 0.6912 0.5065 0.8024 | 0.1637 0.1640 333.8340 | Time: 4.4890
Epoch: 0031 | TRAIN: 0.1391 0.7037 0.9477 | 0.0151 0.0151 0.1623 | Time: 79.9034 | VAL: 0.1995 0.6519 0.9314 | 0.0181 0.0181 0.2759 | Time: 3.3508 | TEST: 0.7827 0.4838 0.7860 | 0.1783 0.1787 351.6679 | Time: 4.5777
Epoch: 0032 | TRAIN: 0.1384 0.7057 0.9478 | 0.0150 0.0150 0.1809 | Time: 79.7718 | VAL: 0.2032 0.6478 0.9318 | 0.0169 0.0169 0.2202 | Time: 3.2661 | TEST: 0.5
930 0.5279 0.8309 | 0.1440 0.1444 312.1529 | Time: 4.5613
Epoch: 0033 | TRAIN: 0.1367 0.7072 0.9484 | 0.0143 0.0143 0.1600 | Time: 80.9515 | VAL: 0.2002 0.6478 0.9320 | 0.0186 0.0186 0.2605 | Time: 3.7353 | TEST: 0.6872 0.5093 0.8151 | 0.1674 0.1678 334.7287 | Time: 3.7500
Epoch: 0034 | TRAIN: 0.1347 0.7094 0.9490 | 0.0137 0.0137 0.1546 | Time: 81.6350 | VAL: 0.2010 0.6511 0.9329 | 0.0170 0.0170 0.1956 | Time: 3.3358 | TEST: 0.6326 0.5271 0.8268 | 0.1539 0.1543 316.4158 | Time: 4.9462
Epoch: 0035 | TRAIN: 0.1335 0.7113 0.9494 | 0.0146 0.0146 0.1544 | Time: 80.9448 | VAL: 0.2059 0.6501 0.9315 | 0.0170 0.0170 0.1725 | Time: 3.2077 | TEST: 0.6390 0.5193 0.8246 | 0.1476 0.1480 319.0235 | Time: 4.7091
Epoch: 0036 | TRAIN: 0.1330 0.7117 0.9495 | 0.0144 0.0144 0.1653 | Time: 79.8708 | VAL: 0.2053 0.6514 0.9322 | 0.0171 0.0171 0.2261 | Time: 3.5890 | TEST: 0.7187 0.5061 0.7991 | 0.1495 0.1499 314.5667 | Time: 4.8694
Epoch: 0037 | TRAIN: 0.1315 0.7136 0.9500 | 0.0136 0.0136 0.1495 | Time: 80.0485 | VAL: 0.2108 0.6339 0.9295 | 0.0166 0.0166 0.1625 | Time: 3.9636 | TEST: 0.7199 0.4966 0.8058 | 0.1604 0.1608 310.3672 | Time: 5.0342
Epoch: 0038 | TRAIN: 0.1311 0.7141 0.9501 | 0.0135 0.0135 0.1508 | Time: 81.6434 | VAL: 0.2041 0.6514 0.9321 | 0.0161 0.0161 0.1893 | Time: 3.2874 | TEST: 0.6052 0.5291 0.8315 | 0.1635 0.1639 324.3111 | Time: 5.0282
Epoch: 0039 | TRAIN: 0.1320 0.7129 0.9497 | 0.0143 0.0143 0.1554 | Time: 81.2375 | VAL: 0.2030 0.6544 0.9324 | 0.0167 0.0167 0.2225 | Time: 3.2442 | TEST: 0.6950 0.5115 0.8117 | 0.1618 0.1622 326.2129 | Time: 4.7643
Epoch: 0040 | TRAIN: 0.1301 0.7149 0.9505 | 0.0142 0.0142 0.1528 | Time: 81.0620 | VAL: 0.2029 0.6516 0.9320 | 0.0172 0.0172 0.2165 | Time: 3.4739 | TEST: 0.6465 0.5355 0.8263 | 0.1648 0.1651 335.5226 | Time: 4.7246
Epoch: 0041 | TRAIN: 0.1336 0.7106 0.9492 | 0.0148 0.0148 0.1501 | Time: 80.3171 | VAL: 0.2054 0.6486 0.9323 | 0.0186 0.0186 0.1803 | Time: 3.4526 | TEST: 0.6840 0.5195 0.8176 | 0.1670 0.1673 330.4133 | Time: 4.0745
Epoch: 0042 | TRAIN: 0.1344 0.7096 0.9488 | 0.0146 0.0146 0.1558 | Time: 79.9694 | VAL: 0.1997 0.6561 0.9327 | 0.0159 0.0159 0.1841 | Time: 5.3399 | TEST: 0.7144 0.5004 0.8096 | 0.1612 0.1617 325.4132 | Time: 4.1590
Epoch: 0043 | TRAIN: 0.1298 0.7152 0.9504 | 0.0134 0.0134 0.1393 | Time: 82.5667 | VAL: 0.2011 0.6552 0.9331 | 0.0162 0.0162 0.1745 | Time: 3.6387 | TEST: 0.6953 0.5125 0.8177 | 0.1578 0.1583 319.0074 | Time: 4.8370
Epoch: 0044 | TRAIN: 0.1289 0.7169 0.9507 | 0.0138 0.0138 0.1447 | Time: 82.1403 | VAL: 0.2016 0.6515 0.9327 | 0.0161 0.0161 0.1898 | Time: 3.6277 | TEST: 0.6317 0.5331 0.8357 | 0.1852 0.1856 353.5232 | Time: 4.1650
Epoch: 0045 | TRAIN: 0.1273 0.7193 0.9513 | 0.0138 0.0138 0.1441 | Time: 82.4979 | VAL: 0.1982 0.6573 0.9334 | 0.0161 0.0161 0.2242 | Time: 5.6705 | TEST: 0.6865 0.5156 0.8244 | 0.1582 0.1585 330.4759 | Time: 2.6943
Epoch: 0046 | TRAIN: 0.1251 0.7228 0.9520 | 0.0141 0.0141 0.1476 | Time: 83.9210 | VAL: 0.1989 0.6548 0.9334 | 0.0158 0.0158 0.1542 | Time: 3.5795 | TEST: 0.6670 0.5177 0.8240 | 0.1708 0.1712 333.1001 | Time: 4.1221
Epoch: 0047 | TRAIN: 0.1233 0.7250 0.9526 | 0.0133 0.0133 0.1387 | Time: 82.1955 | VAL: 0.2009 0.6505 0.9335 | 0.0174 0.0174 0.1808 | Time: 3.3691 | TEST: 0.6907 0.5211 0.8250 | 0.1702 0.1706 333.2691 | Time: 4.4457
Epoch: 0048 | TRAIN: 0.1246 0.7241 0.9521 | 0.0130 0.0130 0.1374 | Time: 82.1408 | VAL: 0.2065 0.6509 0.9334 | 0.0165 0.0165 0.1765 | Time: 5.6813 | TEST: 0.7406 0.5066 0.8207 | 0.1611 0.1616 330.5583 | Time: 3.1577
Epoch: 0049 | TRAIN: 0.1233 0.7249 0.9525 | 0.0136 0.0136 0.1429 | Time: 85.2338 | VAL: 0.2026 0.6541 0.9337 | 0.0181 0.0181 0.1770 | Time: 3.3824 | TEST: 0.7110 0.5122 0.8162 | 0.1660 0.1665 324.2790 | Time: 4.9075
